   1.05525277245525     
   1.42735003815160     
   1.87838539240083     
   2.32970679233749     
   2.62705294184742     
   2.62705294184742     
   2.32972562092018     
   1.87840193102075     
   1.42736123352509     
   1.05522588129540     
   1.42735003815160     
   2.08628324586938     
   3.00729148496554     
   4.07925498479255     
   4.87495003397807     
   4.87494621737348     
   4.07926354034785     
   3.00730064481658     
   2.08627850691863     
   1.42734507656561     
   1.87838539240083     
   3.00729148496554     
   4.90752764869773     
   7.70725715145235     
   10.2633354264318     
   10.2633348539411     
   7.70726090444685     
   4.90752764869773     
   3.00729033998414     
   1.87840080194192     
   2.32970679233749     
   4.07925498479255     
   7.70725715145235     
   15.4918796471592     
   26.6739993730543     
   26.6740030624387     
   15.4918768165108     
   7.70725740589264     
   4.07925374439606     
   2.32969508808338     
   2.62705294184742     
   4.87495003397807     
   10.2633354264318     
   26.6739993730543     
   86.5388607963524     
   86.5388614960632     
   26.6739980372426     
   10.2633298287451     
   4.87495257838117     
   2.62705157423078     
   2.62705294184742     
   4.87494621737348     
   10.2633348539411     
   26.6740030624387     
   86.5388614960632     
   86.5388621957741     
   26.6740017266271     
   10.2633292562544     
   4.87494876177657     
   2.62705157423078     
   2.32972562092018     
   4.07926354034785     
   7.70726090444685     
   15.4918768165108     
   26.6739980372426     
   26.6740017266271     
   15.4918739858624     
   7.70726115888716     
   4.07926229995136     
   2.32971391666606     
   1.87840193102075     
   3.00730064481658     
   4.90752764869773     
   7.70725740589264     
   10.2633298287451     
   10.2633292562544     
   7.70726115888716     
   4.90752764869770     
   3.00729949983518     
   1.87841734056187     
   1.42736123352506     
   2.08627850691866     
   3.00729033998417     
   4.07925374439606     
   4.87495257838117     
   4.87494876177654     
   4.07926229995136     
   3.00729949983518     
   2.08627376796789     
   1.42735627193912     
   1.05522588129540     
   1.42734507656561     
   1.87840080194189     
   2.32969508808341     
   2.62705157423078     
   2.62705157423078     
   2.32971391666606     
   1.87841734056187     
   1.42735627193912     
   1.05519899013533     
