   1.055199    
   1.427337    
   1.878445    
   2.329647    
   2.627119    
   2.627119    
   2.329647    
   1.878429    
   1.427325    
   1.055215    
   1.427337    
   2.086321    
   3.007265    
   4.079309    
   4.874909    
   4.874889    
   4.079317    
   3.007281    
   2.086297    
   1.427292    
   1.878447    
   3.007273    
   4.907526    
   7.707233    
   10.26332    
   10.26333    
   7.707245    
   4.907531    
   3.007305    
   1.878396    
   2.329654    
   4.079313    
   7.707225    
   15.49187    
   26.67400    
   26.67402    
   15.49189    
   7.707245    
   4.079268    
   2.329745    
   2.627119    
   4.874911    
   10.26332    
   26.67402    
   86.53890    
   86.53886    
   26.67401    
   10.26333    
   4.874946    
   2.627045    
   2.627130    
   4.874909    
   10.26333    
   26.67400    
   86.53886    
   86.53887    
   26.67401    
   10.26335    
   4.874962    
   2.626997    
   2.329636    
   4.079313    
   7.707245    
   15.49187    
   26.67398    
   26.67402    
   15.49187    
   7.707237    
   4.079236    
   2.329729    
   1.878429    
   3.007287    
   4.907539    
   7.707253    
   10.26333    
   10.26335    
   7.707237    
   4.907498    
   3.007232    
   1.878380    
   1.427319    
   2.086276    
   3.007281    
   4.079277    
   4.874979    
   4.874962    
   4.079252    
   3.007232    
   2.086297    
   1.427374    
   1.055237    
   1.427333    
   1.878429    
   2.329745    
   2.627029    
   2.627029    
   2.329712    
   1.878413    
   1.427374    
   1.055247    
