  0.500000000000000       0.500000000000000       0.831217435482388     
   1.50000000000000       0.500000000000000        3.65286654135327     
   2.50000000000000       0.500000000000000        9.02118496976531     
   3.50000000000000       0.500000000000000        16.6177326624579     
   4.50000000000000       0.500000000000000        25.9484328912218     
   5.50000000000000       0.500000000000000        36.3977958271539     
   6.50000000000000       0.500000000000000        47.2765899474577     
   7.50000000000000       0.500000000000000        57.6758380170084     
   8.50000000000000       0.500000000000000        65.6473162681538     
   9.50000000000000       0.500000000000000        63.1866730038854     
  0.500000000000000        1.50000000000000        1.16555123505784     
   1.50000000000000        1.50000000000000        4.06454390044768     
   2.50000000000000        1.50000000000000        9.63492906542735     
   3.50000000000000        1.50000000000000        17.6956448170321     
   4.50000000000000        1.50000000000000        27.9151405764825     
   5.50000000000000        1.50000000000000        39.8003715047018     
   6.50000000000000        1.50000000000000        52.6559044758324     
   7.50000000000000        1.50000000000000        65.3434168625483     
   8.50000000000000        1.50000000000000        75.2225675926552     
   9.50000000000000        1.50000000000000        72.1044962635874     
  0.500000000000000        2.50000000000000        1.74518561235217     
   1.50000000000000        2.50000000000000        4.68348076619289     
   2.50000000000000        2.50000000000000        10.3190712466336     
   3.50000000000000        2.50000000000000        18.4942727829079     
   4.50000000000000        2.50000000000000        28.9056908385746     
   5.50000000000000        2.50000000000000        41.0832470029012     
   6.50000000000000        2.50000000000000        54.3317621474547     
   7.50000000000000        2.50000000000000        67.4493186768099     
   8.50000000000000        2.50000000000000        77.5966536178848     
   9.50000000000000        2.50000000000000        74.2168889775870     
  0.500000000000000        3.50000000000000        2.56888939850017     
   1.50000000000000        3.50000000000000        5.53244923655510     
   2.50000000000000        3.50000000000000        11.1942991658202     
   3.50000000000000        3.50000000000000        19.4071785120147     
   4.50000000000000        3.50000000000000        29.8739248218064     
   5.50000000000000        3.50000000000000        42.1286811788177     
   6.50000000000000        3.50000000000000        55.4683412281579     
   7.50000000000000        3.50000000000000        68.6575482469874     
   8.50000000000000        3.50000000000000        78.7870624706142     
   9.50000000000000        3.50000000000000        75.2077032593307     
  0.500000000000000        4.50000000000000        3.63084561928311     
   1.50000000000000        4.50000000000000        6.61288368422760     
   2.50000000000000        4.50000000000000        12.2786005960047     
   3.50000000000000        4.50000000000000        20.4897941246930     
   4.50000000000000        4.50000000000000        30.9521503941833     
   5.50000000000000        4.50000000000000        43.1996533736761     
   6.50000000000000        4.50000000000000        56.5241876417115     
   7.50000000000000        4.50000000000000        69.6744466517651     
   8.50000000000000        4.50000000000000        79.7048069778337     
   9.50000000000000        4.50000000000000        75.9113205679082     
  0.500000000000000        5.50000000000000        4.92343450701004     
   1.50000000000000        5.50000000000000        7.92061194637662     
   2.50000000000000        5.50000000000000        13.5711703877057     
   3.50000000000000        5.50000000000000        21.7508890909474     
   4.50000000000000        5.50000000000000        32.1662952677775     
   5.50000000000000        5.50000000000000        44.3529092148141     
   6.50000000000000        5.50000000000000        57.6029202426859     
   7.50000000000000        5.50000000000000        70.6553985761759     
   8.50000000000000        5.50000000000000        80.5399658793449     
   9.50000000000000        5.50000000000000        76.5021618750585     
  0.500000000000000        6.50000000000000        6.43426665742381     
   1.50000000000000        6.50000000000000        9.44366570690278     
   2.50000000000000        6.50000000000000        15.0580515421788     
   3.50000000000000        6.50000000000000        23.1719835902379     
   4.50000000000000        6.50000000000000        33.4931997625048     
   5.50000000000000        6.50000000000000        45.5617610015884     
   6.50000000000000        6.50000000000000        58.6723054810229     
   7.50000000000000        6.50000000000000        71.5654791133574     
   8.50000000000000        6.50000000000000        81.2594935262966     
   9.50000000000000        6.50000000000000        76.9518500096105     
  0.500000000000000        7.50000000000000        8.14282892798404     
   1.50000000000000        7.50000000000000        11.1577817150557     
   2.50000000000000        7.50000000000000        16.7015643267862     
   3.50000000000000        7.50000000000000        24.6947468916789     
   4.50000000000000        7.50000000000000        34.8439187139707     
   5.50000000000000        7.50000000000000        46.6896649401495     
   6.50000000000000        7.50000000000000        59.5362648976924     
   7.50000000000000        7.50000000000000        72.1475360987828     
   8.50000000000000        7.50000000000000        81.5727430946196     
   9.50000000000000        7.50000000000000        77.0041326016630     
  0.500000000000000        8.50000000000000        10.0033469006081     
   1.50000000000000        8.50000000000000        12.9959391779992     
   2.50000000000000        8.50000000000000        18.3930866228679     
   3.50000000000000        8.50000000000000        26.1381744777474     
   4.50000000000000        8.50000000000000        35.9186510305801     
   5.50000000000000        8.50000000000000        47.2617343860489     
   6.50000000000000        8.50000000000000        59.4835260067888     
   7.50000000000000        8.50000000000000        71.4159945142602     
   8.50000000000000        8.50000000000000        80.2933631141224     
   9.50000000000000        8.50000000000000        75.6139653536094     
  0.500000000000000        9.50000000000000        11.7367547542044     
   1.50000000000000        9.50000000000000        14.5139805456493     
   2.50000000000000        9.50000000000000        19.4064450561043     
   3.50000000000000        9.50000000000000        26.2736239870353     
   4.50000000000000        9.50000000000000        34.6994361387767     
   5.50000000000000        9.50000000000000        44.1713630308614     
   6.50000000000000        9.50000000000000        54.0755542410133     
   7.50000000000000        9.50000000000000        63.5020076096378     
   8.50000000000000        9.50000000000000        70.3857837842457     
   9.50000000000000        9.50000000000000        66.4178930552783     
